
0.000,0.000,0.000,0.000,0.000,0.000,0.000,0.000,0.000,0.000,0.000,0.000,0.031,0.064,0.075,0.075,0.075,0.075,0.075,0.075,0.075,0.075,0.075,0.075,0.075,0.075,0.075,0.064,0.031,0.000,0.000,0.000,0.000,0.000,0.000,0.000,0.000,0.000,0.000,0.000,0.000
0.000,0.002,0.006,0.010,0.015,0.019,0.023,0.028,0.032,0.032,0.032,0.254,0.544,3.244,10.544,11.703,11.805,11.820,11.834,11.835,11.835,11.835,11.826,11.669,11.592,11.577,11.524,11.234,10.944,5.619,0.032,0.026,0.025,0.025,0.023,0.019,0.015,0.011,0.006,0.002,0.000
0.000,0.003,0.008,0.015,0.023,0.030,0.037,0.530,1.148,1.281,1.414,20.475,43.955,63.921,83.886,87.223,87.838,88.184,88.184,88.184,88.184,88.184,88.183,88.183,87.837,87.222,83.199,58.349,36.791,16.956,1.708,1.445,1.183,0.536,0.040,0.032,0.024,0.017,0.009,0.003,0.000
0.002,0.013,0.035,0.065,0.095,0.125,0.155,1.336,2.976,4.169,5.362,23.861,47.821,72.197,96.572,100.000,100.000,100.000,100.000,100.000,100.000,100.000,100.000,100.000,100.000,100.000,96.656,72.873,48.784,24.533,5.658,4.346,3.033,1.360,0.169,0.137,0.105,0.073,0.040,0.010,0.002

0.000,0.000,0.000,0.031,0.075,0.075,0.075,0.031,0.000,0.000,0.000
0.000,0.015,0.032,0.544,11.805,11.835,11.592,10.944,0.025,0.015,0.000
0.000,0.023,1.148,43.955,87.838,88.184,87.837,36.791,1.183,0.024,0.000
0.002,0.095,2.976,47.821,100.000,100.000,100.000,48.784,3.033,0.105,0.002

0.000,0.000,0.000,0.000,0.000,0.024,0.075,0.075,0.075,0.075,0.075,0.075,0.024,0.000,0.000,0.000,0.000,0.000
0.000,0.000,0.000,0.000,0.000,0.000,0.000,0.000,0.000,0.000,0.000,0.000,0.000,0.000,0.000,0.000,0.000,0.000
0.000,0.000,0.000,0.000,0.000,0.000,0.000,0.000,0.000,0.000,0.000,0.000,0.000,0.000,0.000,0.000,0.000,0.000
0.000,0.000,0.000,0.000,0.000,0.000,0.000,0.000,0.000,0.000,0.000,0.000,0.000,0.000,0.000,0.000,0.000,0.000

0.002,0.045,0.116,1.439,4.660,42.086,99.440,100.000,100.000,100.000,100.000,99.454,43.077,4.886,1.463,0.128,0.052,0.002
0.000,0.001,0.002,0.003,0.021,0.050,0.051,0.059,0.065,0.065,0.061,0.052,0.052,0.022,0.003,0.002,0.001,0.000
0.000,0.000,0.000,0.000,0.000,0.000,0.000,0.000,0.000,0.000,0.000,0.000,0.000,0.000,0.000,0.000,0.000,0.000
0.000,0.000,0.000,0.000,0.000,0.000,0.000,0.000,0.000,0.000,0.000,0.000,0.000,0.000,0.000,0.000,0.000,0.000

0.000,0.000,0.000,0.000,0.000,0.000,0.000,0.000,0.000,0.000,0.000,0.000,0.000,0.000,0.000,0.000,0.000,0.000
0.000,0.000,0.000,0.000,0.000,0.000,0.000,0.000,0.000,0.000,0.000,0.000,0.000,0.000,0.000,0.000,0.000,0.000
0.000,0.000,0.000,0.000,0.000,0.000,0.000,0.000,0.000,0.000,0.000,0.000,0.000,0.000,0.000,0.000,0.000,0.000
0.000,0.000,0.000,0.000,0.000,0.024,0.075,0.075,0.075,0.075,0.075,0.075,0.024,0.000,0.000,0.000,0.000,0.000

0.000,0.000,0.000,0.000,0.000,0.000,0.000,0.000,0.000,0.000,0.000,0.000,0.000,0.000,0.000,0.000,0.000,0.000
0.000,0.000,0.000,0.000,0.000,0.000,0.000,0.000,0.000,0.000,0.000,0.000,0.000,0.000,0.000,0.000,0.000,0.000
0.000,0.001,0.002,0.003,0.021,0.050,0.051,0.059,0.065,0.065,0.061,0.052,0.052,0.022,0.003,0.002,0.001,0.000
0.002,0.045,0.116,1.439,4.660,42.086,99.440,100.000,100.000,100.000,100.000,99.454,43.077,4.886,1.463,0.128,0.052,0.002


0.000,0.000,0.000,0.000,0.000,0.000,0.000,0.000,0.000,0.000,0.000,0.000,0.000,0.000,0.000,0.000,0.000,0.000
0.000,0.000,0.000,0.000,0.000,0.000,0.000,0.000,0.000,0.000,0.000,0.000,0.000,0.000,0.000,0.000,0.000,0.000
0.000,0.000,0.000,0.000,0.000,0.000,0.000,0.000,0.000,0.000,0.000,0.000,0.000,0.000,0.000,0.000,0.000,0.000
0.000,0.000,0.000,0.000,0.000,0.024,0.075,0.075,0.075,0.075,0.075,0.075,0.024,0.000,0.000,0.000,0.000,0.000

0.000,0.000,0.000,0.000,0.000,0.000,0.000,0.000,0.000,0.000,0.000,0.000,0.000,0.000,0.000,0.000,0.000,0.000
0.000,0.000,0.000,0.000,0.000,0.000,0.000,0.000,0.000,0.000,0.000,0.000,0.000,0.000,0.000,0.000,0.000,0.000
0.000,0.001,0.002,0.003,0.021,0.050,0.051,0.059,0.065,0.065,0.061,0.052,0.052,0.022,0.003,0.002,0.001,0.000
0.002,0.045,0.116,1.439,4.660,42.086,99.440,100.000,100.000,100.000,100.000,99.454,43.077,4.886,1.463,0.128,0.052,0.002

0.000,0.000,0.000,0.000,0.000,0.000,0.000,0.000,0.000,0.000,0.000,0.000,0.000,0.000,0.000,0.000,0.000,0.000
0.000,0.000,0.000,0.000,0.001,0.004,0.008,0.010,0.010,0.010,0.011,0.009,0.005,0.001,0.000,0.000,0.000,0.000
0.008,0.109,0.234,2.218,6.793,44.525,99.473,100.000,100.000,100.000,100.000,99.457,43.886,6.405,1.791,0.244,0.114,0.009
0.063,0.658,1.431,5.323,15.831,48.518,93.060,97.392,99.772,99.772,97.141,93.071,48.519,15.844,5.258,1.462,0.675,0.065

0.000,0.000,0.000,0.000,0.020,0.035,0.035,0.035,0.035,0.035,0.058,0.057,0.057,0.032,0.000,0.000,0.000,0.000
0.011,0.069,0.176,2.167,5.098,43.300,99.485,100.000,100.000,100.000,100.000,99.486,44.132,5.503,1.609,0.241,0.084,0.012
0.172,1.327,2.751,7.949,21.184,50.247,88.207,94.702,98.848,98.851,94.729,88.262,50.449,21.444,8.082,2.998,1.507,0.186
0.411,2.248,4.512,10.754,25.773,54.582,91.446,96.444,99.191,99.192,96.061,91.457,54.646,25.804,10.756,4.550,2.269,0.412

0.012,0.157,0.216,0.795,2.220,25.269,58.819,84.012,100.000,100.000,84.057,58.934,25.427,2.409,0.886,0.203,0.098,0.014
0.294,1.621,3.623,9.790,23.934,51.936,86.651,93.603,98.026,98.037,93.665,86.747,51.559,24.119,9.762,3.782,1.692,0.322
0.972,2.532,6.555,15.040,31.320,56.291,85.932,92.698,97.144,97.147,92.810,85.973,56.451,31.502,15.175,6.667,2.614,0.996
1.369,1.787,7.445,16.672,33.347,59.161,90.795,95.594,98.884,98.885,95.597,90.802,59.197,33.403,16.723,7.685,1.852,1.388


0.000,0.000,0.000,0.000,0.000,0.000,0.000,0.000,0.000,0.000,0.000,0.000,0.000,0.000,0.000,0.000,0.000,0.000,0.000,0.000,0.000,0.000,0.000,0.000,0.000,0.000
0.000,0.000,0.000,0.000,0.000,0.000,0.000,0.000,0.000,0.000,0.000,0.000,0.000,0.000,0.000,0.000,0.000,0.000,0.000,0.000,0.000,0.000,0.000,0.000,0.000,0.000
0.000,0.000,0.000,0.000,0.000,0.000,0.000,0.000,0.000,0.000,0.000,0.000,0.000,0.000,0.000,0.000,0.000,0.000,0.000,0.000,0.000,0.000,0.000,0.000,0.000,0.000
0.000,0.000,0.000,0.000,0.000,0.000,0.000,0.000,0.000,0.000,0.000,0.000,0.000,0.000,0.000,0.000,0.000,0.000,0.000,0.000,0.000,0.000,0.000,0.000,0.000,0.000

0.000,0.000,0.000,0.000,0.000,0.000,0.000,0.000,0.000,0.000,0.000,0.000,0.000,0.000,0.000,0.000,0.000,0.000,0.000,0.000,0.000,0.000,0.000,0.000,0.000,0.000
0.000,0.000,0.000,0.000,0.000,0.000,0.000,0.000,0.000,0.000,0.000,0.000,0.000,0.000,0.000,0.000,0.000,0.000,0.000,0.000,0.000,0.000,0.000,0.000,0.000,0.000
0.000,0.000,0.000,0.000,0.000,0.000,0.000,0.000,0.000,0.000,0.000,0.000,0.000,0.000,0.000,0.000,0.000,0.000,0.000,0.000,0.000,0.000,0.000,0.000,0.000,0.000
0.001,0.003,0.004,0.008,0.021,0.124,0.296,2.004,11.554,30.467,32.426,33.015,33.157,33.158,33.018,32.429,30.471,11.680,2.208,0.536,0.220,0.028,0.029,0.022,0.014,0.005

0.000,0.000,0.000,0.000,0.000,0.000,0.000,0.000,0.000,0.000,0.000,0.000,0.000,0.000,0.000,0.000,0.000,0.000,0.000,0.000,0.000,0.000,0.000,0.000,0.000,0.000
0.000,0.000,0.000,0.000,0.000,0.000,0.000,0.000,0.000,0.000,0.000,0.000,0.000,0.000,0.000,0.000,0.000,0.000,0.000,0.000,0.000,0.000,0.000,0.000,0.000,0.000
0.000,0.000,0.000,0.000,0.000,0.000,0.000,0.002,0.005,0.007,0.007,0.007,0.007,0.007,0.008,0.008,0.008,0.005,0.003,0.000,0.000,0.000,0.000,0.000,0.000,0.000
0.028,0.257,0.580,0.876,1.355,7.304,12.777,35.795,69.608,97.183,99.170,99.837,100.000,100.000,99.839,99.181,97.206,69.787,36.092,13.091,7.528,1.416,0.775,0.480,0.217,0.028

0.000,0.000,0.000,0.000,0.000,0.000,0.000,0.000,0.000,0.000,0.000,0.000,0.000,0.000,0.000,0.000,0.000,0.000,0.000,0.000,0.000,0.000,0.000,0.000,0.000,0.000
0.000,0.000,0.000,0.000,0.000,0.000,0.000,0.000,0.000,0.000,0.000,0.000,0.000,0.000,0.000,0.000,0.000,0.000,0.000,0.000,0.000,0.000,0.000,0.000,0.000,0.000
0.007,0.036,0.077,0.126,0.284,2.278,3.042,15.616,43.151,78.252,93.872,94.787,94.787,94.792,90.441,75.753,75.753,43.764,16.500,3.082,0.805,0.271,0.145,0.084,0.040,0.008
0.290,1.196,2.455,3.753,5.533,15.345,25.008,43.721,68.374,89.614,93.434,97.467,98.598,98.599,97.474,93.453,89.643,68.411,43.852,25.135,15.301,5.614,3.817,2.498,1.219,0.298

0.000,0.000,0.000,0.000,0.000,0.000,0.000,0.000,0.000,0.000,0.000,0.000,0.000,0.000,0.000,0.000,0.000,0.000,0.000,0.000,0.000,0.000,0.000,0.000,0.000,0.000
0.000,0.000,0.000,0.001,0.003,0.005,0.032,0.064,0.084,0.085,0.132,0.191,0.223,0.240,0.240,0.187,0.140,0.140,0.106,0.051,0.006,0.003,0.001,0.000,0.000,0.000
0.228,0.973,1.998,3.112,4.844,14.461,23.828,42.070,67.089,89.835,93.227,97.649,98.907,98.913,97.983,94.576,90.136,69.367,43.952,24.308,14.799,5.036,3.240,2.081,1.016,0.255
1.208,1.294,3.221,7.153,11.484,22.751,33.881,50.557,70.892,88.603,92.786,96.757,97.863,97.864,96.761,92.796,88.622,70.946,50.655,33.937,22.688,11.571,7.326,3.380,1.331,1.136


0.000,0.000,0.000,0.000,0.000,0.000,0.000,0.000,0.000,0.000,0.000,0.000,0.000,0.000,0.000,0.000,0.000,0.000,0.000,0.000,0.000,0.000,0.000,0.000,0.000,0.000,0.000,0.000,0.000,0.000,0.000,0.000,0.000
0.000,0.000,0.000,0.000,0.000,0.000,0.000,0.000,0.000,0.000,0.000,0.000,0.000,0.000,0.000,0.000,0.000,0.000,0.000,0.000,0.000,0.000,0.000,0.000,0.000,0.000,0.000,0.000,0.000,0.000,0.000,0.000,0.000
0.000,0.000,0.000,0.000,0.000,0.000,0.000,0.000,0.000,0.000,0.000,0.000,0.000,0.000,0.000,0.000,0.000,0.000,0.000,0.000,0.000,0.000,0.000,0.000,0.000,0.000,0.000,0.000,0.000,0.000,0.000,0.000,0.000
0.000,0.000,0.000,0.000,0.000,0.000,0.000,0.000,0.000,0.000,0.000,0.000,0.000,0.000,0.000,0.000,0.000,0.000,0.000,0.000,0.000,0.000,0.000,0.000,0.000,0.000,0.000,0.000,0.000,0.000,0.000,0.000,0.000
0.000,0.000,0.000,0.000,0.000,0.000,0.000,0.000,0.000,0.000,0.000,0.000,0.000,0.000,0.000,0.000,0.000,0.000,0.000,0.000,0.000,0.000,0.000,0.000,0.000,0.000,0.000,0.000,0.000,0.000,0.000,0.000,0.000


0.000,0.000,0.000,0.000,0.000,0.000,0.000,0.000,0.000,0.000,0.000,0.000,0.000,0.000,0.000,0.000,0.000,0.000,0.000,0.000,0.000,0.000,0.000,0.000,0.000,0.000,0.000,0.000,0.000,0.000,0.000,0.000,0.000
0.000,0.000,0.000,0.000,0.000,0.000,0.000,0.000,0.000,0.000,0.000,0.000,0.000,0.000,0.000,0.000,0.000,0.000,0.000,0.000,0.000,0.000,0.000,0.000,0.000,0.000,0.000,0.000,0.000,0.000,0.000,0.000,0.000
0.000,0.000,0.000,0.000,0.000,0.000,0.000,0.000,0.000,0.000,0.000,0.000,0.000,0.000,0.000,0.000,0.000,0.000,0.000,0.000,0.000,0.000,0.000,0.000,0.000,0.000,0.000,0.000,0.000,0.000,0.000,0.000,0.000
0.000,0.000,0.000,0.000,0.000,0.000,0.000,0.000,0.000,0.000,0.000,0.000,0.000,0.000,0.000,0.000,0.000,0.000,0.000,0.000,0.000,0.000,0.000,0.000,0.000,0.000,0.000,0.000,0.000,0.000,0.000,0.000,0.000
0.000,0.000,0.000,0.000,0.000,0.000,0.000,0.000,0.000,0.000,0.000,0.000,0.000,0.000,0.000,0.000,0.000,0.000,0.000,0.000,0.000,0.000,0.000,0.000,0.000,0.000,0.000,0.000,0.000,0.000,0.000,0.000,0.000

0.000,0.000,0.000,0.000,0.000,0.000,0.000,0.000,0.000,0.000,0.000,0.000,0.000,0.000,0.000,0.000,0.000,0.000,0.000,0.000,0.000,0.000,0.000,0.000,0.000,0.000,0.000,0.000,0.000,0.000,0.000,0.000,0.000
0.000,0.000,0.000,0.000,0.000,0.000,0.000,0.000,0.000,0.000,0.000,0.000,0.000,0.000,0.000,0.000,0.000,0.000,0.000,0.000,0.000,0.000,0.000,0.000,0.000,0.000,0.000,0.000,0.000,0.000,0.000,0.000,0.000
0.000,0.000,0.000,0.000,0.000,0.000,0.000,0.000,0.000,0.000,0.000,0.000,0.000,0.000,0.000,0.000,0.000,0.000,0.000,0.000,0.000,0.000,0.000,0.000,0.000,0.000,0.000,0.000,0.000,0.000,0.000,0.000,0.000
0.000,0.000,0.000,0.000,0.000,0.000,0.000,0.000,0.000,0.000,0.000,0.000,0.000,0.000,0.000,0.000,0.000,0.000,0.000,0.000,0.000,0.000,0.000,0.000,0.000,0.000,0.000,0.000,0.000,0.000,0.000,0.000,0.000
0.001,0.002,0.003,0.005,0.010,0.019,0.076,0.197,0.723,2.057,7.393,24.731,31.202,32.590,32.984,33.157,33.158,33.158,32.986,32.593,31.205,24.771,7.546,2.260,0.954,0.361,0.126,0.028,0.028,0.025,0.019,0.012,0.005

0.000,0.000,0.000,0.000,0.000,0.000,0.000,0.000,0.000,0.000,0.000,0.000,0.000,0.000,0.000,0.000,0.000,0.000,0.000,0.000,0.000,0.000,0.000,0.000,0.000,0.000,0.000,0.000,0.000,0.000,0.000,0.000,0.000
0.000,0.000,0.000,0.000,0.000,0.000,0.000,0.000,0.000,0.000,0.000,0.000,0.000,0.000,0.000,0.000,0.000,0.000,0.000,0.000,0.000,0.000,0.000,0.000,0.000,0.000,0.000,0.000,0.000,0.000,0.000,0.000,0.000
0.000,0.000,0.000,0.000,0.000,0.000,0.000,0.000,0.000,0.000,0.000,0.000,0.000,0.000,0.000,0.000,0.000,0.000,0.000,0.000,0.000,0.000,0.000,0.000,0.000,0.000,0.000,0.000,0.000,0.000,0.000,0.000,0.000
0.000,0.000,0.000,0.000,0.000,0.000,0.000,0.000,0.001,0.003,0.004,0.006,0.007,0.007,0.007,0.007,0.007,0.008,0.008,0.008,0.008,0.007,0.005,0.003,0.001,0.000,0.000,0.000,0.000,0.000,0.000,0.000,0.000
0.028,0.186,0.438,0.691,0.904,1.077,5.445,9.923,14.120,36.877,63.509,88.920,97.929,99.344,99.800,100.000,100.000,100.000,99.803,99.353,97.947,88.990,63.722,37.171,14.452,10.198,5.618,1.123,0.823,0.570,0.365,0.159,0.028

0.000,0.000,0.000,0.000,0.000,0.000,0.000,0.000,0.000,0.000,0.000,0.000,0.000,0.000,0.000,0.000,0.000,0.000,0.000,0.000,0.000,0.000,0.000,0.000,0.000,0.000,0.000,0.000,0.000,0.000,0.000,0.000,0.000
0.000,0.000,0.000,0.000,0.000,0.000,0.000,0.000,0.000,0.000,0.000,0.000,0.000,0.000,0.000,0.000,0.000,0.000,0.000,0.000,0.000,0.000,0.000,0.000,0.000,0.000,0.000,0.000,0.000,0.000,0.000,0.000,0.000
0.000,0.000,0.000,0.000,0.000,0.000,0.000,0.000,0.000,0.000,0.000,0.000,0.000,0.000,0.000,0.000,0.000,0.000,0.000,0.000,0.000,0.000,0.000,0.000,0.000,0.000,0.000,0.000,0.000,0.000,0.000,0.000,0.000
0.007,0.028,0.059,0.091,0.135,0.191,1.655,2.775,3.168,16.257,35.863,66.230,84.109,94.787,94.787,94.787,94.787,94.795,89.466,77.277,75.753,66.432,36.605,17.140,3.744,1.675,0.638,0.241,0.158,0.099,0.065,0.030,0.008
0.290,0.920,1.904,2.888,3.928,5.023,12.279,19.892,27.415,44.492,63.760,82.987,91.047,94.053,97.214,98.598,98.599,98.600,97.222,94.070,91.072,83.019,63.798,44.618,27.602,19.894,12.274,5.109,3.995,2.938,1.938,0.939,0.298

0.000,0.000,0.000,0.000,0.000,0.000,0.000,0.000,0.000,0.000,0.000,0.000,0.000,0.000,0.000,0.000,0.000,0.000,0.000,0.000,0.000,0.000,0.000,0.000,0.000,0.000,0.000,0.000,0.000,0.000,0.000,0.000,0.000
0.000,0.000,0.000,0.000,0.000,0.000,0.000,0.000,0.000,0.000,0.000,0.000,0.000,0.000,0.000,0.000,0.000,0.000,0.000,0.000,0.000,0.000,0.000,0.000,0.000,0.000,0.000,0.000,0.000,0.000,0.000,0.000,0.000
0.000,0.000,0.000,0.000,0.001,0.003,0.004,0.014,0.040,0.065,0.084,0.085,0.093,0.142,0.189,0.214,0.240,0.240,0.240,0.196,0.149,0.140,0.139,0.107,0.065,0.022,0.005,0.003,0.001,0.000,0.000,0.000,0.000
0.228,0.749,1.550,2.350,3.282,4.345,11.456,18.880,26.156,42.823,62.122,82.817,91.107,93.864,97.369,98.905,98.911,98.914,97.774,95.163,91.801,83.574,64.881,44.775,26.672,19.285,11.748,4.528,3.418,2.447,1.615,0.784,0.255
1.208,1.282,1.512,4.564,7.654,10.782,19.230,27.984,36.657,51.193,67.080,82.962,90.171,93.417,96.509,97.863,97.864,97.864,96.514,93.427,90.188,82.992,67.142,51.289,36.756,27.946,19.214,10.880,7.816,4.740,1.649,1.278,1.136

0.000,0.000,0.000,0.000,0.000,0.000,0.000,0.000,0.000,0.000,0.000,0.000,0.000,0.000,0.000,0.000,0.000,0.000,0.000,0.000,0.000,0.000,0.000,0.000,0.000,0.000,0.000,0.000,0.000,0.000,0.000,0.000,0.000
0.000,0.000,0.000,0.000,0.000,0.000,0.000,0.000,0.000,0.000,0.000,0.000,0.000,0.000,0.000,0.000,0.000,0.000,0.000,0.000,0.000,0.000,0.000,0.000,0.000,0.000,0.000,0.000,0.000,0.000,0.000,0.000,0.000
0.015,0.060,0.131,0.203,0.255,0.289,0.688,1.615,3.383,27.536,53.346,68.631,73.958,76.685,92.904,100.000,100.000,100.000,92.925,76.753,74.079,68.789,53.507,28.116,4.311,1.973,0.804,0.366,0.339,0.276,0.177,0.079,0.017
0.973,1.154,2.559,4.838,7.601,10.849,18.912,27.386,36.011,50.164,65.583,80.972,88.052,91.363,94.725,96.198,96.201,96.206,94.752,91.421,88.135,81.098,65.796,50.537,36.558,28.059,19.418,11.040,7.889,5.173,2.892,1.425,1.097
2.348,3.270,4.390,8.144,11.841,15.480,23.802,32.519,41.372,55.288,70.403,85.610,92.173,94.785,97.241,98.316,98.317,98.317,97.167,94.537,92.061,85.666,70.601,55.448,41.454,32.604,23.890,15.569,11.932,8.240,4.494,3.351,2.403

0.000,0.000,0.000,0.000,0.000,0.000,0.000,0.000,0.000,0.000,0.000,0.000,0.000,0.000,0.000,0.000,0.000,0.000,0.000,0.000,0.000,0.000,0.000,0.000,0.000,0.000,0.000,0.000,0.000,0.000,0.000,0.000,0.000
0.001,0.001,0.001,0.001,0.002,0.006,0.009,0.025,0.062,0.099,0.127,0.128,0.176,0.453,0.709,0.736,0.763,0.764,0.764,0.513,0.238,0.190,0.188,0.146,0.090,0.035,0.011,0.007,0.003,0.001,0.001,0.001,0.001
0.332,1.173,2.469,3.765,4.828,5.657,14.150,23.438,33.202,51.220,70.423,87.461,94.747,97.432,98.936,99.601,99.614,99.614,98.986,97.550,94.936,87.743,70.851,51.794,33.868,23.969,14.535,5.858,4.342,3.072,2.049,1.025,0.373
2.503,3.629,4.995,9.159,13.372,17.635,25.487,33.677,42.031,54.580,68.075,81.500,88.060,91.491,94.855,96.327,96.325,96.325,94.819,91.378,87.991,81.464,68.009,54.682,42.308,33.885,25.662,17.801,13.581,9.392,5.234,3.819,2.641
4.069,5.673,7.439,11.525,15.640,19.785,27.700,35.726,43.518,56.500,70.545,84.185,90.546,93.590,96.568,97.871,97.872,97.872,96.536,93.481,90.491,83.993,69.756,55.966,43.429,35.677,27.678,19.783,15.651,11.561,7.513,5.742,4.127

0.000,0.000,0.000,0.000,0.000,0.000,0.000,0.000,0.000,0.000,0.000,0.000,0.000,0.000,0.000,0.000,0.000,0.000,0.000,0.000,0.000,0.000,0.000,0.000,0.000,0.000,0.000,0.000,0.000,0.000,0.000,0.000,0.000
0.042,0.099,0.190,0.281,0.399,0.544,0.819,1.647,3.382,19.907,37.033,45.723,64.169,85.455,95.573,100.000,100.000,100.000,90.020,67.209,55.626,46.055,37.378,20.775,4.671,2.183,1.028,0.692,0.632,0.513,0.337,0.160,0.049
1.916,2.810,4.014,8.557,13.002,17.349,27.653,38.146,48.292,58.897,69.655,80.552,86.479,90.156,93.900,95.545,95.557,95.565,93.952,90.253,86.628,80.766,69.959,59.293,48.652,37.912,27.536,17.730,13.204,8.756,4.388,3.087,2.090
5.241,7.321,9.606,14.435,19.231,23.994,30.836,37.967,45.347,56.063,67.608,79.327,85.456,89.049,92.678,94.265,94.264,94.264,92.669,89.024,85.417,79.342,67.828,56.104,45.224,38.297,31.117,23.946,19.182,14.443,9.727,7.445,5.354
6.403,8.565,10.855,15.113,19.324,23.487,29.727,36.299,43.192,55.719,69.314,82.216,88.504,91.804,95.237,96.740,96.741,96.744,95.308,92.022,88.601,82.177,69.187,55.432,42.863,36.537,29.882,23.195,19.002,14.884,10.839,8.582,6.435

0.001,0.001,0.001,0.001,0.002,0.003,0.004,0.024,0.077,0.130,0.170,0.171,0.171,0.175,0.180,0.211,0.242,0.242,0.242,0.240,0.237,0.237,0.236,0.181,0.107,0.033,0.005,0.003,0.002,0.001,0.001,0.001,0.001
0.663,0.712,1.488,2.782,4.763,7.430,18.416,29.241,38.875,57.319,76.888,93.735,99.440,100.000,100.000,100.000,100.000,100.000,100.000,100.000,99.502,93.909,77.265,57.945,39.336,27.678,17.182,7.824,5.091,3.055,1.715,0.877,0.742
4.830,6.914,9.242,14.617,20.034,25.494,33.791,42.446,51.384,60.521,69.750,79.116,84.501,88.081,91.691,93.270,93.270,93.271,91.700,88.105,84.548,79.264,70.168,60.932,51.804,43.342,34.593,25.887,20.406,14.968,9.574,7.192,5.050
7.915,10.566,13.386,18.279,23.235,28.251,34.142,40.233,46.562,56.844,67.974,78.913,84.760,88.285,91.757,93.276,93.275,93.274,91.747,88.259,84.716,78.762,67.518,56.472,46.368,40.063,34.008,28.169,23.330,18.420,13.439,10.622,7.979
8.388,10.814,13.336,17.411,21.481,25.544,30.989,36.717,42.763,54.769,68.361,82.588,89.313,92.603,95.728,97.097,97.102,97.106,95.741,92.616,89.316,82.794,69.239,54.957,42.125,36.626,30.798,24.907,21.038,17.133,13.194,10.711,8.327

0.093,0.173,0.254,0.334,0.372,0.366,0.551,1.001,1.707,2.924,5.801,13.655,24.319,37.448,58.899,68.297,68.321,68.338,58.995,37.618,24.501,13.938,6.399,3.665,2.533,1.607,0.784,0.353,0.203,0.118,0.099,0.080,0.061
3.062,4.650,6.679,12.869,18.812,24.507,36.647,48.877,60.541,69.950,78.572,86.395,90.728,93.440,95.912,97.003,97.021,97.037,95.871,93.185,90.749,86.354,77.571,69.585,61.129,49.486,37.254,25.098,19.392,13.447,7.264,5.527,3.920
8.659,11.568,14.621,19.899,25.253,30.683,37.808,44.977,52.033,59.964,68.152,76.499,81.607,85.239,88.853,90.432,90.427,90.421,88.823,85.179,81.559,76.549,68.470,60.222,52.127,44.937,37.865,30.961,25.528,20.173,14.898,11.816,8.874
11.117,14.146,17.276,22.221,27.141,32.039,38.169,44.382,50.596,59.449,68.889,78.264,83.563,87.009,90.462,91.974,91.978,91.981,90.469,87.009,83.563,78.216,68.683,59.223,50.406,44.260,38.107,32.029,27.157,22.248,17.303,14.185,11.164
10.575,13.201,15.939,20.021,24.073,28.095,33.219,38.590,44.250,55.444,68.097,81.292,87.840,91.340,94.660,96.119,96.129,96.138,94.696,91.388,87.886,81.492,68.797,55.471,43.498,38.302,32.797,27.221,23.351,19.489,15.636,13.030,10.490

0.693,0.705,1.226,2.112,3.660,5.870,12.538,20.666,30.732,50.104,71.098,90.517,98.088,100.000,100.000,100.000,100.000,100.000,100.000,100.000,98.196,90.821,71.756,51.023,31.810,21.589,13.250,6.344,4.009,2.369,1.425,0.841,0.763
8.144,11.342,14.825,21.625,28.523,35.518,43.665,52.196,61.237,67.938,74.117,80.354,84.395,87.415,90.269,91.520,91.524,91.532,90.305,87.490,84.501,80.505,74.347,68.253,61.785,53.612,44.926,36.067,29.251,22.337,15.323,11.915,8.688
11.958,15.192,18.549,23.454,28.412,33.425,39.742,46.131,52.496,60.051,67.836,75.485,80.273,83.761,87.263,88.792,88.786,88.782,87.247,83.744,80.229,75.364,67.533,59.849,52.462,46.150,39.815,33.551,28.561,23.628,18.752,15.437,12.205
13.763,16.947,20.232,24.894,29.476,33.978,39.815,45.716,51.576,59.748,68.391,76.847,81.949,85.517,89.017,90.551,90.554,90.558,89.031,85.536,81.972,76.803,68.122,59.615,51.652,45.805,39.911,34.069,29.395,24.797,20.276,17.002,13.816
12.722,15.462,18.247,22.245,26.309,30.438,35.355,40.487,45.891,56.660,68.807,81.377,87.713,91.190,94.489,95.939,95.951,95.966,94.542,91.268,87.797,81.364,68.478,56.067,45.175,40.180,34.884,29.503,25.549,21.661,17.839,15.148,12.496

3.221,4.385,5.671,12.365,18.433,23.877,38.135,52.811,67.203,76.532,85.255,95.666,99.395,100.000,100.000,100.000,100.000,100.000,100.000,100.000,99.474,95.887,85.733,77.184,67.981,53.626,38.949,24.665,19.186,13.135,6.514,4.414,2.887
12.935,16.786,20.750,26.869,33.131,39.537,46.160,52.691,59.045,65.153,71.144,76.955,80.888,83.979,87.153,88.540,88.538,88.535,87.146,83.976,80.896,76.990,71.241,65.306,59.253,52.961,46.492,39.928,33.525,27.269,21.158,17.161,13.272
14.639,17.956,21.370,25.975,30.607,35.266,41.124,47.060,52.995,60.229,67.732,75.144,79.675,82.894,86.098,87.501,87.502,87.502,86.098,82.888,79.659,75.116,67.687,60.161,52.913,47.006,41.103,35.283,30.659,26.064,21.497,18.133,14.831
15.755,18.864,21.997,25.896,29.910,34.039,39.252,44.537,49.823,58.054,67.071,76.409,81.728,85.214,88.663,90.173,90.175,90.176,88.643,85.138,81.674,76.519,67.627,58.404,49.833,44.568,39.308,34.136,30.238,26.217,22.075,18.922,15.808
14.627,17.488,20.376,24.529,28.799,33.187,37.257,41.542,46.219,57.334,70.087,83.296,89.285,92.023,94.983,96.288,96.304,96.320,95.171,92.525,89.644,83.457,70.073,57.125,45.822,41.011,36.653,32.551,28.209,24.030,20.014,17.208,14.416

8.577,11.926,15.438,23.865,32.307,40.763,51.998,62.814,72.621,78.626,83.664,88.434,91.287,93.225,94.855,95.576,95.590,95.601,94.762,92.829,91.214,88.678,84.015,79.093,72.896,61.543,51.202,41.547,33.073,24.613,16.167,12.153,8.587
16.360,20.326,24.435,29.886,35.238,40.490,46.158,51.870,57.611,63.413,69.278,75.285,79.342,82.517,85.728,87.131,87.129,87.127,85.739,82.568,79.358,75.278,69.294,63.459,57.693,52.010,46.353,40.737,35.511,30.185,24.759,20.632,16.647
16.750,20.043,23.397,27.829,32.234,36.611,42.199,47.881,53.587,60.507,67.670,74.723,79.190,82.485,85.803,87.255,87.257,87.258,85.818,82.525,79.211,74.678,67.472,60.374,53.568,47.870,42.191,36.602,32.197,27.818,23.464,20.125,16.842
16.823,19.757,22.768,26.468,30.093,33.645,38.964,44.374,49.737,58.179,67.428,76.964,82.417,86.016,89.624,91.205,91.209,91.213,89.631,86.011,82.403,76.933,67.363,58.092,49.639,44.300,38.913,33.615,30.091,26.485,22.797,19.869,16.959
16.115,19.102,22.214,26.468,30.672,34.825,39.910,45.036,50.127,60.523,72.125,83.667,89.410,92.494,95.407,96.689,96.702,96.713,95.355,92.236,89.297,83.507,71.387,59.435,48.849,43.940,39.338,34.936,30.778,26.494,22.083,18.935,15.947

15.799,20.438,25.266,32.706,39.936,46.957,53.855,60.528,66.840,71.554,75.917,80.337,83.402,85.830,88.102,89.102,89.111,89.117,88.142,85.905,83.506,80.480,76.125,71.834,67.194,60.951,54.350,47.495,40.058,32.833,25.819,20.961,16.261
19.548,23.387,27.230,31.868,36.544,41.261,46.477,51.720,56.951,62.382,67.827,73.176,76.948,80.006,83.094,84.446,84.446,84.446,83.110,80.057,76.972,73.140,67.671,62.301,56.987,51.768,46.564,41.400,36.712,32.064,27.458,23.636,19.814
18.745,22.071,25.458,29.618,33.817,38.054,43.293,48.607,53.933,60.136,66.584,73.160,77.483,80.787,84.125,85.585,85.584,85.584,84.141,80.842,77.508,73.159,66.588,60.144,53.947,48.643,43.326,38.070,33.844,29.655,25.504,22.156,18.852
17.900,20.827,23.800,27.435,31.105,34.810,40.123,45.567,51.051,58.940,67.321,75.513,80.527,84.098,87.677,89.240,89.234,89.229,87.647,84.038,80.441,75.322,66.853,58.581,50.887,45.414,39.984,34.687,31.001,27.357,23.755,20.786,17.870
18.078,21.188,24.334,28.555,32.759,36.945,42.462,48.026,53.520,62.285,71.819,81.391,86.606,89.853,93.176,94.646,94.673,94.701,93.340,90.191,86.931,81.638,71.908,62.122,53.175,47.941,42.646,37.378,33.047,28.739,24.454,21.307,18.196

21.256,25.896,30.532,36.359,42.063,47.643,52.709,57.797,62.979,67.373,71.557,75.654,78.596,81.026,83.546,84.651,84.655,84.660,83.615,81.217,78.726,75.700,71.526,67.444,63.220,58.243,53.175,48.011,42.215,36.548,31.009,26.437,21.830
21.891,25.472,29.128,33.398,37.649,41.880,46.689,51.547,56.425,61.504,66.601,71.613,75.184,78.104,81.053,82.343,82.344,82.344,81.070,78.155,75.213,71.587,66.468,61.435,56.458,51.599,46.762,41.973,37.733,33.510,29.304,25.667,22.102
20.700,23.843,27.023,30.908,34.838,38.815,43.742,48.732,53.722,59.575,65.668,71.887,76.001,79.157,82.289,83.656,83.650,83.643,82.252,79.081,75.936,71.836,65.626,59.543,53.700,48.723,43.744,38.826,34.860,30.939,27.065,23.893,20.759
19.260,22.086,24.963,28.575,32.212,35.874,41.023,46.291,51.596,59.010,66.857,74.539,79.228,82.560,85.904,87.367,87.367,87.371,85.899,82.531,79.175,74.379,66.414,58.630,51.362,46.069,40.813,35.679,32.047,28.444,24.871,22.024,19.226
19.816,22.865,25.969,30.065,34.097,38.067,43.431,48.866,54.266,62.622,71.726,81.025,86.160,89.410,92.702,94.157,94.182,94.203,92.833,89.675,86.467,81.400,72.257,63.207,54.879,49.547,44.150,38.796,34.696,30.540,26.329,23.184,20.095

24.970,29.151,33.287,37.916,42.591,47.313,51.785,56.232,60.669,64.777,68.785,72.714,75.646,78.116,80.526,81.582,81.585,81.590,80.513,78.045,75.640,72.740,68.733,64.807,60.816,56.424,52.024,47.608,43.025,38.397,33.723,29.409,25.199
23.863,27.192,30.535,34.436,38.352,42.284,46.796,51.337,55.858,60.551,65.309,70.148,73.566,76.343,79.144,80.368,80.364,80.362,79.147,76.373,73.574,70.138,65.308,60.560,55.879,51.375,46.852,42.357,38.477,34.582,30.672,27.340,24.023
22.189,25.172,28.189,31.819,35.496,39.220,43.884,48.618,53.364,59.106,65.032,70.826,74.709,77.720,80.706,82.008,82.002,81.995,80.679,77.679,74.652,70.702,64.731,58.896,53.303,48.572,43.852,39.203,35.492,31.828,28.211,25.203,22.228
20.588,23.356,26.184,29.748,33.337,36.949,41.998,47.163,52.359,59.502,67.047,74.449,78.957,82.151,85.360,86.769,86.778,86.790,85.391,82.177,78.973,74.370,66.689,59.162,52.114,46.915,41.754,36.712,33.131,29.575,26.044,23.268,20.533
21.373,24.318,27.318,31.205,35.021,38.767,43.969,49.253,54.511,62.707,71.662,80.862,85.966,89.213,92.497,93.944,93.960,93.972,92.584,89.394,86.175,81.133,72.087,63.265,55.176,49.940,44.673,39.479,35.660,31.756,27.768,24.711,21.712

27.200,30.998,34.865,38.891,42.927,46.973,51.011,55.056,59.114,62.922,66.695,70.533,73.375,75.757,78.094,79.117,79.118,79.120,78.103,75.776,73.402,70.601,66.875,63.080,59.225,55.202,51.195,47.198,43.194,39.199,35.212,31.510,27.769
25.194,28.334,31.522,35.182,38.825,42.449,46.691,50.960,55.207,59.758,64.351,68.857,72.096,74.763,77.460,78.638,78.633,78.628,77.443,74.739,72.067,68.791,64.178,59.652,55.204,50.973,46.720,42.492,38.850,35.226,31.618,28.445,25.316
23.331,26.180,29.064,32.525,36.029,39.576,44.093,48.690,53.313,58.920,64.708,70.363,74.149,77.082,79.993,81.264,81.260,81.258,79.976,77.050,74.102,70.246,64.399,58.690,53.225,48.614,44.029,39.525,35.993,32.504,29.059,26.187,23.348
21.851,24.594,27.399,30.927,34.486,38.076,43.045,48.117,53.209,60.097,67.357,74.490,78.845,81.941,85.060,86.433,86.448,86.465,85.119,82.020,78.935,74.514,67.148,59.907,53.097,47.975,42.880,37.894,34.320,30.773,27.253,24.505,21.793
22.696,25.551,28.456,32.169,35.819,39.404,44.492,49.665,54.813,62.880,71.702,80.767,85.819,89.053,92.324,93.760,93.769,93.776,92.379,89.179,85.949,80.921,71.945,63.222,55.244,50.133,44.993,39.934,36.328,32.642,28.876,25.925,23.030


0.000,0.000,0.000,0.000,0.000,0.000,0.000,0.000,0.000,0.000,0.000,0.000,0.000,0.000,0.000,0.000,0.000,0.000,0.000,0.000,0.000,0.000,0.000,0.000,0.000,0.000,0.000,0.000,0.000,0.000,0.000,0.000,0.000
0.000,0.000,0.000,0.000,0.000,0.000,0.000,0.000,0.000,0.000,0.000,0.000,0.000,0.000,0.000,0.000,0.000,0.000,0.000,0.000,0.000,0.000,0.000,0.000,0.000,0.000,0.000,0.000,0.000,0.000,0.000,0.000,0.000
0.000,0.000,0.000,0.000,0.000,0.000,0.000,0.000,0.000,0.000,0.000,0.000,0.000,0.000,0.000,0.000,0.000,0.000,0.000,0.000,0.000,0.000,0.000,0.000,0.000,0.000,0.000,0.000,0.000,0.000,0.000,0.000,0.000
0.000,0.000,0.000,0.000,0.000,0.000,0.000,0.000,0.000,0.000,0.000,0.000,0.000,0.000,0.000,0.000,0.000,0.000,0.000,0.000,0.000,0.000,0.000,0.000,0.000,0.000,0.000,0.000,0.000,0.000,0.000,0.000,0.000
0.000,0.000,0.000,0.000,0.000,0.000,0.000,0.000,0.000,0.000,0.000,0.000,0.000,0.000,0.000,0.000,0.000,0.000,0.000,0.000,0.000,0.000,0.000,0.000,0.000,0.000,0.000,0.000,0.000,0.000,0.000,0.000,0.000


0.000,0.000,0.000,0.000,0.000,0.000,0.000,0.000,0.000,0.000,0.000,0.000,0.000,0.000,0.000,0.000,0.000,0.000,0.000,0.000,0.000,0.000,0.000,0.000,0.000,0.000,0.000,0.000,0.000,0.000,0.000,0.000,0.000
0.000,0.000,0.000,0.000,0.000,0.000,0.000,0.000,0.000,0.000,0.000,0.000,0.000,0.000,0.000,0.000,0.000,0.000,0.000,0.000,0.000,0.000,0.000,0.000,0.000,0.000,0.000,0.000,0.000,0.000,0.000,0.000,0.000
0.000,0.000,0.000,0.000,0.000,0.000,0.000,0.000,0.000,0.000,0.000,0.000,0.000,0.000,0.000,0.000,0.000,0.000,0.000,0.000,0.000,0.000,0.000,0.000,0.000,0.000,0.000,0.000,0.000,0.000,0.000,0.000,0.000
0.000,0.000,0.000,0.000,0.000,0.000,0.000,0.000,0.000,0.000,0.000,0.000,0.000,0.000,0.000,0.000,0.000,0.000,0.000,0.000,0.000,0.000,0.000,0.000,0.000,0.000,0.000,0.000,0.000,0.000,0.000,0.000,0.000
0.000,0.000,0.000,0.000,0.000,0.000,0.000,0.000,0.000,0.000,0.000,0.000,0.000,0.000,0.000,0.000,0.000,0.000,0.000,0.000,0.000,0.000,0.000,0.000,0.000,0.000,0.000,0.000,0.000,0.000,0.000,0.000,0.000


0.000,0.000,0.000,0.000,0.000,0.000,0.000,0.000,0.000,0.000,0.000,0.000,0.000,0.000,0.000,0.000,0.000,0.000,0.000,0.000,0.000,0.000,0.000,0.000,0.000,0.000,0.000,0.000,0.000,0.000,0.000,0.000,0.000
0.000,0.000,0.000,0.000,0.000,0.000,0.000,0.000,0.000,0.000,0.000,0.000,0.000,0.000,0.000,0.000,0.000,0.000,0.000,0.000,0.000,0.000,0.000,0.000,0.000,0.000,0.000,0.000,0.000,0.000,0.000,0.000,0.000
0.000,0.000,0.000,0.000,0.000,0.000,0.000,0.000,0.000,0.000,0.000,0.000,0.000,0.000,0.000,0.000,0.000,0.000,0.000,0.000,0.000,0.000,0.000,0.000,0.000,0.000,0.000,0.000,0.000,0.000,0.000,0.000,0.000
0.000,0.000,0.000,0.000,0.000,0.000,0.000,0.000,0.000,0.000,0.000,0.000,0.000,0.000,0.000,0.000,0.000,0.000,0.000,0.000,0.000,0.000,0.000,0.000,0.000,0.000,0.000,0.000,0.000,0.000,0.000,0.000,0.000
0.000,0.000,0.000,0.000,0.000,0.000,0.000,0.000,0.000,0.000,0.000,0.000,0.000,0.000,0.000,0.000,0.000,0.000,0.000,0.000,0.000,0.000,0.000,0.000,0.000,0.000,0.000,0.000,0.000,0.000,0.000,0.000,0.000

